\begin{tabular}{lrrrrr}
\toprule
hazard &       EQ &       HU &       PF &      SS &    Total \\
region                   &          &          &          &         &          \\
\midrule
ARMM                     &    223.4 &     14.1 &     15.1 &     0.0 &    252.6 \\
CAR                      &    173.9 &    449.9 &    308.6 &     0.0 &    932.4 \\
I - Ilocos               &   1848.4 &   3121.9 &    655.5 &    36.7 &   5662.5 \\
II - Cagayan Valley      &    483.9 &   4434.1 &    475.0 &   299.6 &   5692.6 \\
III - Central Luzon      &   2799.9 &   5957.8 &   2741.0 &   168.1 &  11666.8 \\
IVA - CALABARZON         &   3567.5 &   7814.7 &   3361.7 &   490.4 &  15234.3 \\
IVB - MIMAROPA           &    307.0 &    556.0 &     85.0 &    40.0 &    988.0 \\
IX - Zamboanga Peninsula &    161.4 &      8.6 &      8.6 &     0.7 &    179.3 \\
NCR                      &   3422.7 &   3354.3 &   8485.9 &    70.7 &  15333.6 \\
V - Bicol                &    557.6 &   3418.8 &    388.4 &  1351.7 &   5716.5 \\
VI - Western Visayas     &    959.7 &    555.3 &    414.1 &   366.7 &   2295.8 \\
VII - Central Visayas    &    444.3 &    751.1 &   1290.4 &   496.5 &   2982.3 \\
VIII - Eastern Visayas   &    566.7 &   1706.0 &    104.1 &   660.4 &   3037.2 \\
X - Northern Mindanao    &    164.4 &    118.5 &     65.7 &     7.8 &    356.4 \\
XI - Davao               &    632.4 &     27.9 &     42.8 &     1.5 &    704.6 \\
XII - SOCCSKSARGEN       &    359.4 &      2.6 &      4.8 &     0.0 &    366.8 \\
XIII - Caraga            &    495.1 &    150.7 &     24.1 &    25.5 &    695.4 \\
Total                    &  17167.7 &  32442.3 &  18470.8 &  4016.3 &  72097.1 \\
\bottomrule
\end{tabular}
